0.1000 1.0000 10.0000 34812.0000 33254.0000 33254.0000 7606.0000 0.5114 0.8207
0.1000 1.0000 20.0000 35262.0000 34097.0000 34097.0000 7156.0000 0.5084 0.8313
0.1000 1.0000 50.0000 35851.0000 34541.0000 34541.0000 6567.0000 0.5093 0.8452
0.1000 1.0000 100.0000 35592.0000 34390.0000 34390.0000 6826.0000 0.5086 0.8391
0.1000 2.0000 10.0000 31673.0000 16946.0000 16946.0000 10745.0000 0.6515 0.7467
0.1000 2.0000 20.0000 31731.0000 18048.0000 18048.0000 10687.0000 0.6374 0.7481
0.1000 2.0000 50.0000 30600.0000 15949.0000 15949.0000 11818.0000 0.6574 0.7214
0.1000 2.0000 100.0000 30029.0000 15813.0000 15813.0000 12389.0000 0.6551 0.7079
0.1000 3.0000 10.0000 31781.0000 17507.0000 17507.0000 10637.0000 0.6448 0.7492
0.1000 3.0000 20.0000 32485.0000 17895.0000 17895.0000 9933.0000 0.6448 0.7658
0.1000 3.0000 50.0000 32356.0000 17325.0000 17325.0000 10062.0000 0.6513 0.7628
0.1000 3.0000 100.0000 31440.0000 17181.0000 17181.0000 10978.0000 0.6466 0.7412
0.1000 4.0000 10.0000 33193.0000 18402.0000 18402.0000 9225.0000 0.6433 0.7825
0.1000 4.0000 20.0000 33595.0000 18090.0000 18090.0000 8823.0000 0.6500 0.7920
0.1000 4.0000 50.0000 32520.0000 17611.0000 17611.0000 9898.0000 0.6487 0.7667
0.1000 4.0000 100.0000 33140.0000 18232.0000 18232.0000 9278.0000 0.6451 0.7813
0.0100 1.0000 10.0000 34882.0000 33903.0000 33903.0000 7536.0000 0.5071 0.8223
0.0100 1.0000 20.0000 35350.0000 34663.0000 34663.0000 7068.0000 0.5049 0.8334
0.0100 1.0000 50.0000 34501.0000 33412.0000 33412.0000 7917.0000 0.5080 0.8134
0.0100 1.0000 100.0000 34962.0000 34243.0000 34243.0000 7456.0000 0.5052 0.8242
0.0100 2.0000 10.0000 31148.0000 16489.0000 16489.0000 11270.0000 0.6539 0.7343
0.0100 2.0000 20.0000 31801.0000 18279.0000 18279.0000 10617.0000 0.6350 0.7497
0.0100 2.0000 50.0000 30372.0000 16343.0000 16343.0000 12046.0000 0.6502 0.7160
0.0100 2.0000 100.0000 31597.0000 18720.0000 18720.0000 10821.0000 0.6280 0.7449
0.0100 3.0000 10.0000 32859.0000 19315.0000 19315.0000 9559.0000 0.6298 0.7746
0.0100 3.0000 20.0000 34275.0000 20060.0000 20060.0000 8143.0000 0.6308 0.8080
0.0100 3.0000 50.0000 32619.0000 17849.0000 17849.0000 9799.0000 0.6463 0.7690
0.0100 3.0000 100.0000 33633.0000 20124.0000 20124.0000 8785.0000 0.6256 0.7929
0.0100 4.0000 10.0000 33191.0000 18614.0000 18614.0000 9227.0000 0.6407 0.7825
0.0100 4.0000 20.0000 33680.0000 19619.0000 19619.0000 8738.0000 0.6319 0.7940
0.0100 4.0000 50.0000 33454.0000 17691.0000 17691.0000 8964.0000 0.6541 0.7887
0.0100 4.0000 100.0000 31559.0000 16276.0000 16276.0000 10859.0000 0.6597 0.7440
0.0010 1.0000 10.0000 35613.0000 35020.0000 35020.0000 6805.0000 0.5042 0.8396
0.0010 1.0000 20.0000 35611.0000 35128.0000 35128.0000 6807.0000 0.5034 0.8395
0.0010 1.0000 50.0000 35668.0000 35115.0000 35115.0000 6750.0000 0.5039 0.8409
0.0010 1.0000 100.0000 35462.0000 34906.0000 34906.0000 6956.0000 0.5040 0.8360
0.0010 2.0000 10.0000 31104.0000 17546.0000 17546.0000 11314.0000 0.6393 0.7333
0.0010 2.0000 20.0000 31889.0000 18406.0000 18406.0000 10529.0000 0.6340 0.7518
0.0010 2.0000 50.0000 30640.0000 16737.0000 16737.0000 11778.0000 0.6467 0.7223
0.0010 2.0000 100.0000 31538.0000 18476.0000 18476.0000 10880.0000 0.6306 0.7435
0.0010 3.0000 10.0000 32542.0000 17770.0000 17770.0000 9876.0000 0.6468 0.7672
0.0010 3.0000 20.0000 34111.0000 19511.0000 19511.0000 8307.0000 0.6361 0.8042
0.0010 3.0000 50.0000 30209.0000 15433.0000 15433.0000 12209.0000 0.6619 0.7122
0.0010 3.0000 100.0000 31802.0000 17905.0000 17905.0000 10616.0000 0.6398 0.7497
0.0010 4.0000 10.0000 32288.0000 17533.0000 17533.0000 10130.0000 0.6481 0.7612
0.0010 4.0000 20.0000 31037.0000 15770.0000 15770.0000 11381.0000 0.6631 0.7317
0.0010 4.0000 50.0000 33491.0000 17602.0000 17602.0000 8927.0000 0.6555 0.7895
0.0010 4.0000 100.0000 33028.0000 17539.0000 17539.0000 9390.0000 0.6532 0.7786
0.0001 1.0000 10.0000 35666.0000 35111.0000 35111.0000 6752.0000 0.5039 0.8408
0.0001 1.0000 20.0000 35713.0000 35268.0000 35268.0000 6705.0000 0.5031 0.8419
0.0001 1.0000 50.0000 35078.0000 34251.0000 34251.0000 7340.0000 0.5060 0.8270
0.0001 1.0000 100.0000 35923.0000 35746.0000 35746.0000 6495.0000 0.5012 0.8469
0.0001 2.0000 10.0000 30342.0000 15921.0000 15921.0000 12076.0000 0.6559 0.7153
0.0001 2.0000 20.0000 31887.0000 18419.0000 18419.0000 10531.0000 0.6339 0.7517
0.0001 2.0000 50.0000 30687.0000 16781.0000 16781.0000 11731.0000 0.6465 0.7234
0.0001 2.0000 100.0000 33116.0000 20172.0000 20172.0000 9302.0000 0.6215 0.7807
0.0001 3.0000 10.0000 32553.0000 17780.0000 17780.0000 9865.0000 0.6468 0.7674
0.0001 3.0000 20.0000 34115.0000 19473.0000 19473.0000 8303.0000 0.6366 0.8043
0.0001 3.0000 50.0000 30719.0000 16716.0000 16716.0000 11699.0000 0.6476 0.7242
0.0001 3.0000 100.0000 31893.0000 18038.0000 18038.0000 10525.0000 0.6387 0.7519
0.0001 4.0000 10.0000 32362.0000 17544.0000 17544.0000 10056.0000 0.6485 0.7629
0.0001 4.0000 20.0000 31011.0000 15713.0000 15713.0000 11407.0000 0.6637 0.7311
0.0001 4.0000 50.0000 32545.0000 17613.0000 17613.0000 9873.0000 0.6488 0.7672
0.0001 4.0000 100.0000 33034.0000 17567.0000 17567.0000 9384.0000 0.6528 0.7788
