0.1000 1.0000 10.0000 42418.0000 78980.0000 78980.0000 0.0000 0.3494 1.0000
0.1000 1.0000 20.0000 34595.0000 33742.0000 33742.0000 7823.0000 0.5062 0.8156
0.1000 1.0000 50.0000 42418.0000 78980.0000 78980.0000 0.0000 0.3494 1.0000
0.1000 1.0000 100.0000 34522.0000 33664.0000 33664.0000 7896.0000 0.5063 0.8139
0.1000 2.0000 10.0000 42418.0000 78980.0000 78980.0000 0.0000 0.3494 1.0000
0.1000 2.0000 20.0000 42418.0000 78980.0000 78980.0000 0.0000 0.3494 1.0000
0.1000 2.0000 50.0000 34752.0000 38752.0000 38752.0000 7666.0000 0.4728 0.8193
0.1000 2.0000 100.0000 42418.0000 78980.0000 78980.0000 0.0000 0.3494 1.0000
0.1000 3.0000 10.0000 33881.0000 59583.0000 59583.0000 8537.0000 0.3625 0.7987
0.1000 3.0000 20.0000 30773.0000 17617.0000 17617.0000 11645.0000 0.6359 0.7255
0.1000 3.0000 50.0000 29793.0000 16247.0000 16247.0000 12625.0000 0.6471 0.7024
0.1000 3.0000 100.0000 29932.0000 16850.0000 16850.0000 12486.0000 0.6398 0.7056
0.1000 4.0000 10.0000 30369.0000 16327.0000 16327.0000 12049.0000 0.6504 0.7159
0.1000 4.0000 20.0000 30919.0000 17624.0000 17624.0000 11499.0000 0.6369 0.7289
0.1000 4.0000 50.0000 29990.0000 16217.0000 16217.0000 12428.0000 0.6490 0.7070
0.1000 4.0000 100.0000 29785.0000 14740.0000 14740.0000 12633.0000 0.6690 0.7022
0.0100 1.0000 10.0000 42418.0000 78980.0000 78980.0000 0.0000 0.3494 1.0000
0.0100 1.0000 20.0000 34758.0000 34128.0000 34128.0000 7660.0000 0.5046 0.8194
0.0100 1.0000 50.0000 42418.0000 78980.0000 78980.0000 0.0000 0.3494 1.0000
0.0100 1.0000 100.0000 34677.0000 34002.0000 34002.0000 7741.0000 0.5049 0.8175
0.0100 2.0000 10.0000 42418.0000 78980.0000 78980.0000 0.0000 0.3494 1.0000
0.0100 2.0000 20.0000 42418.0000 78980.0000 78980.0000 0.0000 0.3494 1.0000
0.0100 2.0000 50.0000 35010.0000 39250.0000 39250.0000 7408.0000 0.4715 0.8254
0.0100 2.0000 100.0000 42418.0000 78980.0000 78980.0000 0.0000 0.3494 1.0000
0.0100 3.0000 10.0000 30725.0000 19683.0000 19683.0000 11693.0000 0.6095 0.7243
0.0100 3.0000 20.0000 29703.0000 17554.0000 17554.0000 12715.0000 0.6285 0.7002
0.0100 3.0000 50.0000 29290.0000 17921.0000 17921.0000 13128.0000 0.6204 0.6905
0.0100 3.0000 100.0000 29671.0000 16954.0000 16954.0000 12747.0000 0.6364 0.6995
0.0100 4.0000 10.0000 30819.0000 17241.0000 17241.0000 11599.0000 0.6413 0.7266
0.0100 4.0000 20.0000 25879.0000 45972.0000 45972.0000 16539.0000 0.3602 0.6101
0.0100 4.0000 50.0000 30328.0000 16456.0000 16456.0000 12090.0000 0.6483 0.7150
0.0100 4.0000 100.0000 31343.0000 16824.0000 16824.0000 11075.0000 0.6507 0.7389
0.0010 1.0000 10.0000 42418.0000 78980.0000 78980.0000 0.0000 0.3494 1.0000
0.0010 1.0000 20.0000 34770.0000 34167.0000 34167.0000 7648.0000 0.5044 0.8197
0.0010 1.0000 50.0000 42418.0000 78980.0000 78980.0000 0.0000 0.3494 1.0000
0.0010 1.0000 100.0000 34682.0000 33993.0000 33993.0000 7736.0000 0.5050 0.8176
0.0010 2.0000 10.0000 28981.0000 52230.0000 52230.0000 13437.0000 0.3569 0.6832
0.0010 2.0000 20.0000 42418.0000 78980.0000 78980.0000 0.0000 0.3494 1.0000
0.0010 2.0000 50.0000 35041.0000 39282.0000 39282.0000 7377.0000 0.4715 0.8261
0.0010 2.0000 100.0000 42418.0000 78980.0000 78980.0000 0.0000 0.3494 1.0000
0.0010 3.0000 10.0000 30719.0000 19676.0000 19676.0000 11699.0000 0.6096 0.7242
0.0010 3.0000 20.0000 29658.0000 17524.0000 17524.0000 12760.0000 0.6286 0.6992
0.0010 3.0000 50.0000 29284.0000 17953.0000 17953.0000 13134.0000 0.6199 0.6904
0.0010 3.0000 100.0000 29530.0000 18355.0000 18355.0000 12888.0000 0.6167 0.6962
0.0010 4.0000 10.0000 30814.0000 17242.0000 17242.0000 11604.0000 0.6412 0.7264
0.0010 4.0000 20.0000 25873.0000 45962.0000 45962.0000 16545.0000 0.3602 0.6100
0.0010 4.0000 50.0000 30304.0000 16444.0000 16444.0000 12114.0000 0.6482 0.7144
0.0010 4.0000 100.0000 31353.0000 16780.0000 16780.0000 11065.0000 0.6514 0.7391
0.0001 1.0000 10.0000 42418.0000 78980.0000 78980.0000 0.0000 0.3494 1.0000
0.0001 1.0000 20.0000 34773.0000 34171.0000 34171.0000 7645.0000 0.5044 0.8198
0.0001 1.0000 50.0000 42418.0000 78980.0000 78980.0000 0.0000 0.3494 1.0000
0.0001 1.0000 100.0000 34683.0000 33994.0000 33994.0000 7735.0000 0.5050 0.8176
0.0001 2.0000 10.0000 28981.0000 52230.0000 52230.0000 13437.0000 0.3569 0.6832
0.0001 2.0000 20.0000 42418.0000 78980.0000 78980.0000 0.0000 0.3494 1.0000
0.0001 2.0000 50.0000 35043.0000 39284.0000 39284.0000 7375.0000 0.4715 0.8261
0.0001 2.0000 100.0000 42418.0000 78980.0000 78980.0000 0.0000 0.3494 1.0000
0.0001 3.0000 10.0000 30721.0000 19676.0000 19676.0000 11697.0000 0.6096 0.7242
0.0001 3.0000 20.0000 29653.0000 17518.0000 17518.0000 12765.0000 0.6286 0.6991
0.0001 3.0000 50.0000 29273.0000 17970.0000 17970.0000 13145.0000 0.6196 0.6901
0.0001 3.0000 100.0000 29527.0000 18353.0000 18353.0000 12891.0000 0.6167 0.6961
0.0001 4.0000 10.0000 30814.0000 17243.0000 17243.0000 11604.0000 0.6412 0.7264
0.0001 4.0000 20.0000 25873.0000 45962.0000 45962.0000 16545.0000 0.3602 0.6100
0.0001 4.0000 50.0000 30304.0000 16446.0000 16446.0000 12114.0000 0.6482 0.7144
0.0001 4.0000 100.0000 31355.0000 16778.0000 16778.0000 11063.0000 0.6514 0.7392
