0.1000 1.0000 10.0000 36799.0000 35324.0000 35324.0000 5619.0000 0.5102 0.8675
0.1000 1.0000 20.0000 31891.0000 18385.0000 18385.0000 10527.0000 0.6343 0.7518
0.1000 1.0000 50.0000 30523.0000 18127.0000 18127.0000 11895.0000 0.6274 0.7196
0.1000 1.0000 100.0000 36852.0000 35315.0000 35315.0000 5566.0000 0.5106 0.8688
0.1000 2.0000 10.0000 33582.0000 28394.0000 28394.0000 8836.0000 0.5419 0.7917
0.1000 2.0000 20.0000 39754.0000 67384.0000 67384.0000 2664.0000 0.3711 0.9372
0.1000 2.0000 50.0000 30766.0000 19287.0000 19287.0000 11652.0000 0.6147 0.7253
0.1000 2.0000 100.0000 28914.0000 15308.0000 15308.0000 13504.0000 0.6538 0.6816
0.1000 3.0000 10.0000 30220.0000 22055.0000 22055.0000 12198.0000 0.5781 0.7124
0.1000 3.0000 20.0000 33881.0000 59578.0000 59578.0000 8537.0000 0.3625 0.7987
0.1000 3.0000 50.0000 30155.0000 17543.0000 17543.0000 12263.0000 0.6322 0.7109
0.1000 3.0000 100.0000 33880.0000 59583.0000 59583.0000 8538.0000 0.3625 0.7987
0.1000 4.0000 10.0000 29724.0000 16005.0000 16005.0000 12694.0000 0.6500 0.7007
0.1000 4.0000 20.0000 29870.0000 17127.0000 17127.0000 12548.0000 0.6356 0.7042
0.1000 4.0000 50.0000 30200.0000 15954.0000 15954.0000 12218.0000 0.6543 0.7120
0.1000 4.0000 100.0000 32950.0000 18892.0000 18892.0000 9468.0000 0.6356 0.7768
0.0100 1.0000 10.0000 32424.0000 18913.0000 18913.0000 9994.0000 0.6316 0.7644
0.0100 1.0000 20.0000 36868.0000 35343.0000 35343.0000 5550.0000 0.5106 0.8692
0.0100 1.0000 50.0000 36730.0000 35215.0000 35215.0000 5688.0000 0.5105 0.8659
0.0100 1.0000 100.0000 31893.0000 18389.0000 18389.0000 10525.0000 0.6343 0.7519
0.0100 2.0000 10.0000 38415.0000 61622.0000 61622.0000 4003.0000 0.3840 0.9056
0.0100 2.0000 20.0000 40238.0000 69468.0000 69468.0000 2180.0000 0.3668 0.9486
0.0100 2.0000 50.0000 30494.0000 16792.0000 16792.0000 11924.0000 0.6449 0.7189
0.0100 2.0000 100.0000 31123.0000 21530.0000 21530.0000 11295.0000 0.5911 0.7337
0.0100 3.0000 10.0000 38453.0000 61614.0000 61614.0000 3965.0000 0.3843 0.9065
0.0100 3.0000 20.0000 33881.0000 59578.0000 59578.0000 8537.0000 0.3625 0.7987
0.0100 3.0000 50.0000 28580.0000 16038.0000 16038.0000 13838.0000 0.6405 0.6738
0.0100 3.0000 100.0000 29918.0000 16207.0000 16207.0000 12500.0000 0.6486 0.7053
0.0100 4.0000 10.0000 31916.0000 16482.0000 16482.0000 10502.0000 0.6594 0.7524
0.0100 4.0000 20.0000 30350.0000 18137.0000 18137.0000 12068.0000 0.6259 0.7155
0.0100 4.0000 50.0000 29261.0000 15515.0000 15515.0000 13157.0000 0.6535 0.6898
0.0100 4.0000 100.0000 33079.0000 18467.0000 18467.0000 9339.0000 0.6417 0.7798
0.0010 1.0000 10.0000 37910.0000 36344.0000 36344.0000 4508.0000 0.5105 0.8937
0.0010 1.0000 20.0000 31894.0000 18388.0000 18388.0000 10524.0000 0.6343 0.7519
0.0010 1.0000 50.0000 36385.0000 35382.0000 35382.0000 6033.0000 0.5070 0.8578
0.0010 1.0000 100.0000 31892.0000 18390.0000 18390.0000 10526.0000 0.6343 0.7519
0.0010 2.0000 10.0000 38402.0000 61598.0000 61598.0000 4016.0000 0.3840 0.9053
0.0010 2.0000 20.0000 39849.0000 67489.0000 67489.0000 2569.0000 0.3712 0.9394
0.0010 2.0000 50.0000 30829.0000 17161.0000 17161.0000 11589.0000 0.6424 0.7268
0.0010 2.0000 100.0000 30502.0000 16985.0000 16985.0000 11916.0000 0.6423 0.7191
0.0010 3.0000 10.0000 38364.0000 61465.0000 61465.0000 4054.0000 0.3843 0.9044
0.0010 3.0000 20.0000 33881.0000 59578.0000 59578.0000 8537.0000 0.3625 0.7987
0.0010 3.0000 50.0000 28312.0000 15642.0000 15642.0000 14106.0000 0.6441 0.6675
0.0010 3.0000 100.0000 33882.0000 59583.0000 59583.0000 8536.0000 0.3625 0.7988
0.0010 4.0000 10.0000 29511.0000 15810.0000 15810.0000 12907.0000 0.6512 0.6957
0.0010 4.0000 20.0000 30131.0000 16577.0000 16577.0000 12287.0000 0.6451 0.7103
0.0010 4.0000 50.0000 30171.0000 15766.0000 15766.0000 12247.0000 0.6568 0.7113
0.0010 4.0000 100.0000 25984.0000 14397.0000 14397.0000 16434.0000 0.6435 0.6126
0.0001 1.0000 10.0000 31989.0000 18699.0000 18699.0000 10429.0000 0.6311 0.7541
0.0001 1.0000 20.0000 31893.0000 18385.0000 18385.0000 10525.0000 0.6343 0.7519
0.0001 1.0000 50.0000 32036.0000 18667.0000 18667.0000 10382.0000 0.6318 0.7552
0.0001 1.0000 100.0000 31892.0000 18389.0000 18389.0000 10526.0000 0.6343 0.7519
0.0001 2.0000 10.0000 38414.0000 61613.0000 61613.0000 4004.0000 0.3840 0.9056
0.0001 2.0000 20.0000 39695.0000 67107.0000 67107.0000 2723.0000 0.3717 0.9358
0.0001 2.0000 50.0000 30279.0000 17100.0000 17100.0000 12139.0000 0.6391 0.7138
0.0001 2.0000 100.0000 30249.0000 18715.0000 18715.0000 12169.0000 0.6178 0.7131
0.0001 3.0000 10.0000 38474.0000 61722.0000 61722.0000 3944.0000 0.3840 0.9070
0.0001 3.0000 20.0000 33881.0000 59578.0000 59578.0000 8537.0000 0.3625 0.7987
0.0001 3.0000 50.0000 31243.0000 18364.0000 18364.0000 11175.0000 0.6298 0.7366
0.0001 3.0000 100.0000 29600.0000 16385.0000 16385.0000 12818.0000 0.6437 0.6978
0.0001 4.0000 10.0000 32212.0000 18685.0000 18685.0000 10206.0000 0.6329 0.7594
0.0001 4.0000 20.0000 29592.0000 16373.0000 16373.0000 12826.0000 0.6438 0.6976
0.0001 4.0000 50.0000 29924.0000 15710.0000 15710.0000 12494.0000 0.6557 0.7055
0.0001 4.0000 100.0000 29084.0000 17035.0000 17035.0000 13334.0000 0.6306 0.6857
